on openpose_output\json:
full folders:
_2FBDaOPYig-3-rgb_front
bb1Z5dw4N-s-8-rgb_front
EeVXp0hN3qY-5-rgb_front


## RUN 1 (2020-02-20_12-19):
normalize.py
Computed all mean and stddev. Normalizing...
--- 286.95783400535583 seconds ---

normalize_no_copy.py
Computed all mean and stddev. Normalizing...
--- 229.11244106292725 seconds ---

normalize_quicker.py
Computed all mean and stddev. Normalizing...
--- 26.050049543380737 seconds ---


Check for same results of normalize.py and normalize_quicker.py:

normalize.py
	_2FBDaOPYig-3-rgb_front_normalized
	_2FBDaOPYig-3-rgb_front_000000000204_keypoints
	{"version": 1.3, "people": [{"person_id": [-1], "pose_keypoints_2d": [-1.2185242090913437, 0.28993880686117135, 0.867568, 0.1552814589535546, -0.4579404196727167, 0.784193, 1.0073291537868978, -0.6639571853164774, 0.66292, -1.3671263681960004, -2.3247449413968253, 0.740866, -0.6529675344040897, -1.7736194485362342, 0.787623, -0.6162582706680726, -0.22374690672995615, 0.660831, 0.21922042699415023, -1.1375386047865028, 0.769856, -2.327428540022458, 1.21912107405271, 0.773375, -1.5152943835114219, -1.0152202760408389, 0.488243, -1.1580939459169541, -0.4236719678955675, 0.458444, -0.6177066009056013, -0.6177207681059158, 0, 0, 0, 0, -0.9846025408839406, -1.2378677345944942, 0.423933, -0.0662812474185708, -0.0663428627389554, 0, 0, 0, 0, -1.337886612595667, 0.0232955402731485, 0.855637, -1.4968830095721006, -0.17683454639585833, 0.941929, -0.46231179345796214, 0.40315634919280174, 0.76876, -1.1904025816607977, -0.5567935127129824, 0.827158, 0, 0, 0, 0, 0, 0, 0, 0, 0, 0, 0, 0, 0, 0, 0, 0, 0, 0], "face_keypoints_2d": [-1.011122952162568, 0.8421480715767452, 0.77009, -1.0386044827040906, 0.4539685265860182, 0.609293, -1.2781825839444425, 0.2794878189717348, 0.405633, -1.3798554822187163, 0.12912302451702456, 0.428187, -1.0051124976780947, 0.05026442997742065, 0.547461, -1.029962525138796, -0.1832330790316106, 0.682574, -0.9969164103368885, -0.1073186341920459, 0.719019, -0.8952435939343234, 0.059558797095745505, 0.883083, -0.838054592897793, -0.05523530740181959, 0.859349, -0.8036230614810779, -0.248902460186765, 0.814263, -0.8131928883514264, -0.2818416784590603, 0.789243, -0.9481596045435908, -0.46263372616372767, 0.80875, -0.934201147434085, -0.5161618232345694, 0.814832, -1.0970085592455976, -0.6024107512103336, 0.798842, -1.1404798492499972, -0.664196008958416, 0.808078, -1.226711817745868, -0.6884380901661592, 0.834827, -1.2524358525278165, -0.6364933732390841, 0.763175, -1.3025002761213569, 0.4076577999509399, 0.882486, -1.2951266285592904, 0.5793109770243979, 0.916133, -1.2599108530209748, 0.40929964816925823, 0.873577, -1.2941426124527526, 0.34824575305543404, 0.83327, -1.3841456162200392, 0.19642086671384593, 0.897157, -1.3582688895592305, 0.05472632112821019, 0.840498, -1.4244509825134861, 0.008070118291711935, 0.858535, -1.4475738281708197, -0.2103758996840196, 0.844558, -1.406497342979574, -0.300551452551149, 0.797687, -1.4248625261411223, -0.4609491128146969, 0.735452, -1.4200132243919332, 0.02105075165113871, 0.883375, -1.4178048336859839, 0.04490192959329708, 0.85739, -1.326871557258696, 0.028792485398637477, 0.814655, -1.265070433200513, 0.08881333303172674, 0.808953, -1.3226391590033357, -0.0003331066346379229, 0.862509, -1.3107149846103456, 0.0009267925829950259, 0.908921, -1.2869292231343712, 0.039849339403554104, 0.912637, -1.2788707362790532, -0.12164172574299272, 0.899187, -1.25055339691489, -0.06405718126616927, 0.968675, -1.3068627789246237, 0.3351664381471208, 0.954992, -1.3316363773133173, 0.09530910035987171, 0.957745, -1.3383189861668081, 0.09246726686700388, 0.849097, -1.321675580848913, 0.11371683761568706, 0.856062, -1.3546628034419632, 0.08331574257175021, 0.882948, -1.3110567476481874, 0.12190665108306135, 0.981071, -1.3752334794810719, -0.1588932387767098, 0.899118, -1.3441266790962234, -0.26936511543438707, 0.920777, -1.397819524686502, -0.28173269412273777, 0.892963, -1.311758331778652, -0.45305536391308665, 0.949609, -1.3208482759052065, -0.3076686347765122, 0.88703, -1.3375943464910653, -0.26431792688108147, 0.984128, -1.3997874523649245, -0.4391617257524658, 0.865585, -1.3351264893379258, -0.2923628185059297, 0.858817, -1.31339389147694, -0.126673145809804, 0.902429, -1.2850117325064607, -0.17059910039247542, 0.925118, -1.1729023425397256, -0.19541945812057704, 0.831431, -1.1176554013684783, -0.25144209273315654, 0.905892, -0.992222319413225, -0.5855050200433392, 0.843931, -0.9631085617435678, -0.25341834968311766, 0.879953, -1.0844039963126346, -0.06929935365582027, 0.920652, -1.1184270804455685, 0.13404485424851595, 0.887012, -1.2473247736361046, 0.16248287771141245, 0.87245, -1.2995743114178473, 0.011195543117753325, 0.933689, -1.386155578422239, -0.3417943895391859, 0.90818, -1.3238913320977912, -0.16634383459856175, 0.881466, -1.257394221126871, -0.17169537850645786, 0.870339, -1.114092824930802, -0.35096908655516773, 0.850919, -0.934330892857044, -0.4879660779733863, 0.803423, -1.0890636281445687, 0.02169118309755189, 0.897542, -1.1564951671512698, 0.01361819767035495, 0.880053, -1.2899850287773191, 0.03720382966032847, 0.919235, -1.2870713604818367, -0.019220433598733197, 0.861324, -1.3502384708451942, -0.3871484312044803, 0.834625], "hand_left_keypoints_2d": [-1.5952545933483326, 1.2611781420228532, 0.353886, -1.9583234069329885, 1.1471746832510146, 0.518837, -1.8808822338783038, 0.9572810976810704, 0.798898, -1.9885720666292257, 0.8952298403922637, 0.813237, -2.043383484306739, 0.8581815041177699, 0.89487, -2.068825239388394, 1.0180695667037842, 0.537657, -2.1566897287861457, 1.1381928672491914, 0.900478, -1.7655094886042266, 1.126893642137346, 0.639163, -1.4114730001141653, 1.1345121238002214, 0.63328, -2.0980929934181485, 1.1252256509379193, 0.703825, -2.0939718743873748, 1.1753135446376848, 0.912431, -1.6867223197220926, 1.1694079477941992, 0.542008, -1.3567002956514742, 1.142595024513132, 0.562378, -2.045786363642336, 1.1985108183867867, 0.834948, -2.101129849634551, 1.219446921323345, 0.849355, -1.771924702520453, 1.251043594944719, 0.604506, -1.5005618377075136, 1.241693008257514, 0.518201, -2.0522344596606197, 1.2511962343331753, 0.635549, -1.9908254397153005, 1.2426198585497357, 0.905102, -1.7014070616551316, 1.2691534235153696, 0.646332, -1.462328867749362, 1.2538633466238958, 0.602325], "hand_right_keypoints_2d": [-0.5697807584840477, -1.3875143551710394, 0.0726334, -0.8917486279208147, -1.6569591375934403, 0.0248428, -1.1907147616555818, -0.9692775274362733, 0.0378123, -0.34604158870277946, -1.4252775318815047, 0.0550962, -0.17468381871437952, -1.0084698420673965, 0.0331868, -0.42990233598391425, -0.8254849160088937, 0.272399, -0.2289335499902014, -0.9151214055734648, 0.505683, -0.259483881465329, -1.0422679190600832, 0.542287, -0.3402543562865544, -1.175161029576141, 0.551578, -0.6333457747428837, -1.0237074451761181, 0.181349, -0.5448031316726629, -1.2659981665985016, 0.288523, -0.5972385925178118, -1.3497083081041008, 0.307865, -0.4080238316993364, -1.360751821702763, 0.283626, -0.7805856719923823, -1.1880426445817662, 0.161542, -0.7481843256173469, -1.4417687049685302, 0.145038, -0.7135790932783758, -1.3895092367514035, 0.201431, -0.6568123422936035, -1.612697777507926, 0.274183, -1.1326939142095653, -1.3203614438853248, 0.176195, -1.413557890011972, -1.677076842219704, 0.650162, -1.1984951112789952, -1.7322774847100262, 0.747217, -0.9153337230733055, -1.7103488490397403, 0.240197], "pose_keypoints_3d": [], "face_keypoints_3d": [], "hand_left_keypoints_3d": [], "hand_right_keypoints_3d": []}]}

	bb1Z5dw4N-s-8-rgb_front_normalized
	bb1Z5dw4N-s-8-rgb_front_000000001317_keypoints
	{"version": 1.3, "people": [{"person_id": [-1], "pose_keypoints_2d": [1.4725041548891038, 1.8555445872838119, 0.882409, 2.0936181013653115, -0.639558666061764, 0.730712, 1.900119616467, -2.203272642920498, 0.700673, 0.019548967909502314, -1.4718018588408275, 0.830644, -0.6623328256670893, -1.0985635511252232, 0.788793, 2.294879389582227, 1.6555967059405985, 0.649832, 0.43777949691746865, 0.7780818447494602, 0.796868, -0.9581239660539337, 1.2335934593983704, 0.30147, -0.8307697748106698, 1.0687547683194913, 0.442318, -0.04834372938574611, 0.20071807678480713, 0.43687, -0.23682709447588807, -0.23684169558749413, 0, 0, 0, 0, -0.08894356480650299, 0.9072916112241851, 0.32621, -0.3306148005370405, -0.33061990868595764, 0, 0, 0, 0, 1.6619011317169579, 2.1206911470389347, 0.910287, 1.588644073972425, 1.5342497236466568, 0.866897, -2.6897030403515427, -2.69008702668074, 0, 1.9041134763534995, -0.6258823618384018, 0.869185, 0, 0, 0, 0, 0, 0, 0, 0, 0, 0, 0, 0, 0, 0, 0, 0, 0, 0], "face_keypoints_2d": [1.793629824654152, 1.8715639521714866, 0.742764, 1.8294144551006202, 1.7869384295530006, 0.789563, 1.8403117130754223, 1.8145986505313183, 0.764476, 1.940455091538333, 1.789286050551034, 0.720182, 2.0040251637707094, 1.7742989797032636, 0.651987, 2.065433833513522, 1.7699835555646133, 0.710159, 2.12143583515116, 1.6382892526795625, 0.798567, 2.0910017548718685, 1.5275149701409805, 0.821289, 2.0461250731204266, 1.5565309361181472, 0.785173, 2.047583814729787, 1.4777503318196559, 0.730745, 2.048228141249444, 1.3963443550364973, 0.714106, 2.0396536406706636, 1.1155401156342404, 0.774859, 2.047309373287043, 0.9376771925804984, 0.788435, 2.020762001591447, 0.6834127122036859, 0.734027, 1.9699252965753715, 0.5636441544933148, 0.782153, 1.8833664351881754, 0.4504976882682277, 0.774438, 1.755783986276069, 0.24313781274996019, 0.646348, 1.5408981837220108, 1.4704677645122142, 0.833722, 1.4249704755333483, 1.4809510002679056, 0.796557, 1.33935994554592, 1.3815696875571934, 0.86266, 1.3050874808834836, 1.334684371645267, 0.845704, 1.2490599594552652, 1.3853755026399572, 0.848739, 1.3171126010224714, 1.405736634253341, 0.805176, 1.357296286989712, 1.3250340431675955, 0.82588, 1.337173473599837, 1.1548525485830305, 0.907457, 1.3637113873257072, 1.2135105006258033, 0.831625, 1.4619100130830158, 1.1871566465487067, 0.86427, 1.3953272993099464, 1.8356902583641772, 0.824848, 1.423399123829986, 1.8992641343887706, 0.917477, 1.4502317358547374, 1.870507519775434, 0.774011, 1.419901338107126, 1.8882039340894288, 0.779126, 1.594971056935919, 1.9072893178887822, 0.896195, 1.5719289132088694, 1.777576641459959, 0.900579, 1.5565868328967385, 1.8511690959395863, 0.850084, 1.6324967668066832, 1.7921732125302794, 0.913105, 1.6157187634915444, 1.897825869120035, 0.87945, 1.5957709725964007, 1.8128709842593795, 0.880767, 1.5664704433970305, 1.7126157252933027, 0.894226, 1.5850096137281855, 1.7566279239334939, 0.870368, 1.5618886330429849, 1.9654127221308486, 0.85057, 1.5940486244879672, 1.906888891989863, 0.87818, 1.5649369159720712, 1.8366822904404454, 0.92356, 1.553166970046083, 1.7733777713137904, 0.89246, 1.5445041625812796, 1.6269873839713727, 0.912937, 1.592356638836834, 1.5514361626372766, 0.888904, 1.5691527265843956, 1.5653263275136482, 0.873439, 1.6381412630291494, 1.687571400855409, 0.920462, 1.586644203230312, 1.8626487962658766, 0.890644, 1.7373929194415705, 1.8282485886808943, 0.85324, 1.6849549319116155, 1.8711075681546487, 0.905268, 1.650614040031531, 1.797146939070254, 0.860022, 1.6902328530074946, 1.8044634809594013, 0.852209, 1.6813760705360747, 1.793749039281625, 0.929521, 1.7590141532739045, 1.6863477176992412, 0.797155, 1.869168663715319, 1.4759786175536047, 0.868832, 1.886106689350703, 1.8297124801040185, 0.836792, 1.803853342716061, 1.9316937984247309, 0.835571, 1.760465580008083, 2.0273982837410385, 0.838452, 1.771790770941067, 2.0287683130299063, 0.874819, 1.683110597454608, 2.014972312556461, 0.851979, 1.7466245383451098, 1.866667212321644, 0.906872, 1.6933993498489213, 1.766854837553648, 0.835168, 1.7417652331006572, 1.817984164770283, 0.893581, 1.6857597378666809, 1.7741471531983288, 0.911982, 1.8734662495909897, 1.57096519967943, 0.853803, 1.7180951977493448, 1.8896304034584475, 0.829827, 1.7348494426576584, 1.9759464977464396, 0.834283, 1.7464738340171198, 2.05892294804547, 0.784797, 1.5859180315350767, 1.8571757145426881, 0.855863, 1.5912245872756783, 1.6071315174678522, 0.847162], "hand_left_keypoints_2d": [-0.05394244465754813, 1.2249757949604205, 0.208662, -0.3955683102839904, 1.2244749340495262, 0.0326677, -1.1796571930685844, 1.13310941561854, 0.0272816, -1.1384760962898401, 1.178290137817356, 0.0201348, -1.1811218441576063, 1.262308115123279, 0.00986093, -1.1143286085064372, 1.2739966603005566, 0.0288643, -0.4961580568285375, 1.0481090888517268, 0.013813, -0.4351156278734056, 1.0565632310049655, 0.0108401, 0.06291876797535444, 1.2355161137691808, 0.00818478, -0.6592306809955275, 1.1450128350263133, 0.0188908, -0.32049183182600277, 1.043380946200867, 0.0166768, -0.18611081943047927, 0.9794320793192762, 0.0112234, -0.1566635578395055, 1.0095746238062313, 0.0083964, -0.7886611286116411, 1.1717208978464508, 0.022035, -0.33662736040118535, 1.0653224039936449, 0.0164191, -0.20577050475627062, 1.0474896368136672, 0.0111577, -0.09190262421923538, 1.0405666055821867, 0.00828001, -0.00011734490174291838, 1.319539210348152, 0.0144372, -0.13227532300182826, 1.2042745528516174, 0.0104935, -0.2670804277628167, 1.061406215399156, 0.0100095, -0.18634075244727927, 1.0643400103815956, 0.00794876], "hand_right_keypoints_2d": [-0.5587220464266014, -1.0835329151399422, 0.207169, -0.747072169887228, -1.0645939204579788, 0.159689, -0.8356225735554395, -1.0798322293600855, 0.219099, -0.8711981274566806, -0.989974425269398, 0.339056, -0.9774409629051898, -0.9183456658236602, 0.161821, -1.7073675942465754, -1.1403437350483956, 0.0895694, -1.6344366574771076, -0.9903266966503622, 0.0450181, -1.759645926218418, -0.967125648908965, 0.0259953, -0.9425134764822837, -0.7899733996761934, 0.0125268, -1.832672969005451, -1.2278540774047069, 0.0268548, -1.8023560649658728, -0.8887093635676723, 0.0184526, -1.871961469782073, -0.8158828353458063, 0.0208172, -1.889249206955674, -0.7812203438616105, 0.00927437, -1.8454612192661477, -1.34070225284556, 0.0152145, -1.827883162461233, -0.9565677711037353, 0.013464, -1.8908856369540756, -0.8902631519834673, 0.010746, -1.9432898848796234, -0.8481163251966722, 0.00908443, -0.33529045045693395, -0.8897250217233784, 0.0170321, -0.7478805461691139, -1.136010313558787, 0.0194635, -1.9151281803116436, -0.949353819861718, 0.012329, -1.9433939625405696, -0.9297170089947804, 0.00882539], "pose_keypoints_3d": [], "face_keypoints_3d": [], "hand_left_keypoints_3d": [], "hand_right_keypoints_3d": []}]}

	EeVXp0hN3qY-5-rgb_front_normalized
	EeVXp0hN3qY-5-rgb_front_000000001381_keypoints
	{"version": 1.3, "people": [{"person_id": [-1], "pose_keypoints_2d": [-0.3255946612071058, 0.30161673629028024, 0.889705, 1.0149165197809706, -0.4307714041908768, 0.69911, 1.4248393271827797, -0.24764554845466635, 0.502061, 1.3880745554208298, -1.2181768547357341, 0.745855, 0.8232494617601624, -0.9727790253723281, 0.832495, 0.40443040068050107, -0.3712769651009769, 0.684144, 0.759683450521098, 0.12267679771893043, 0.803347, 0.6422141686215094, -0.11222933553566207, 0.778196, 0.33294319380557863, -0.0075954948981688175, 0.23793, 0.10275443367672371, -0.05177301436222989, 0.200561, 0, 0, 0, 0, 0, 0, 0.11715038506211038, 0.06820003845254588, 0.240444, 0, 0, 0, 0, 0, 0, -0.3623907642798601, 0.8984984621847825, 0.907493, -0.6666662482274353, 0.27826144094919947, 0.893492, 0.2557538065673075, 0.32167381757984964, 0.0652766, -0.3362291761907294, -1.3427147514824158, 0.882169, 0, 0, 0, 0, 0, 0, 0, 0, 0, 0, 0, 0, 0, 0, 0, 0, 0, 0], "face_keypoints_2d": [-0.2466370003819922, 1.1930850540671916, 0.724824, -0.12766399798678482, 0.8746146183179592, 0.786134, -0.07978911154967004, 0.7239297220292505, 0.759126, -0.11535022928538803, 0.617197706661508, 0.554387, 0.025102463452460325, 0.4603250514374966, 0.445872, 0.030268188151905847, 0.3032960030099781, 0.444551, 0.016463732653944525, 0.512240843063632, 0.548172, 0.022121147743142392, 0.6920613187134762, 0.633969, 0.07848753702085799, 0.8886842988994768, 0.631129, 0.11835152672480044, 0.8681788820455514, 0.646585, 0.14124027400655784, 0.6681751883160751, 0.66889, 0.15489197882125588, 0.35324907997832866, 0.627934, 0.18975869201923926, 0.04024142901253805, 0.63954, 0.06644139257994332, -0.2919554833380815, 0.756317, -0.14387203771630286, -0.5310743727419873, 0.861302, -0.28422110861416144, -0.743967866936344, 0.796253, -0.46872958836269385, -0.8435219197878581, 0.757686, -0.41625957761156457, 1.0303610333023439, 0.800466, -0.5796062651609752, 0.9869387416497349, 0.839758, -0.5746886858172738, 0.8156028665152573, 0.846605, -0.6029603717760178, 0.607674983149751, 0.866753, -0.6056187690118902, 0.5719138838315627, 0.844523, -0.6990257581865494, 0.22418433433760482, 0.868213, -0.7640468488056549, 0.1529215150326741, 0.908179, -0.7278181323677908, -0.04421135906115565, 0.831902, -0.7446472910012302, -0.05239525651868653, 0.872846, -0.716090162837132, -0.20452748682296729, 0.860741, -0.5824561267928346, 0.5089775157137123, 0.846045, -0.5131303288389134, 0.4788761585247829, 0.860942, -0.4906232941608804, 0.3913070972504077, 0.821535, -0.5097991211049968, 0.3666694324653938, 0.836598, -0.3373956526191507, 0.5258178653714702, 0.798731, -0.3742117379446451, 0.46472685246003437, 0.836709, -0.35104928362534116, 0.4028281150530103, 0.917529, -0.2993413606732544, 0.30584639459142937, 0.917574, -0.27794918563667104, 0.3246280991795643, 0.876595, -0.38863754385455074, 0.9846640270228453, 0.875358, -0.43884574925363623, 0.8647223114406728, 0.837055, -0.5246296958141763, 0.7152978501322482, 0.914995, -0.4882716267278088, 0.6365116490704263, 0.86793, -0.48631737883275467, 0.7380497674773726, 0.869778, -0.41004644193539636, 0.9368352056022645, 0.89814, -0.5549256830049663, 0.1477025667098237, 0.946986, -0.6037803703725036, 0.11385341059166817, 0.912839, -0.5782909152907648, -0.015111980526843302, 0.959137, -0.559953623066789, -0.02282271789090546, 0.867055, -0.5692432943159089, -0.0606416195799743, 0.930315, -0.5743636351336057, 0.05686243824305364, 0.845787, -0.24226731598461812, 0.6784994057477537, 0.431308, -0.22211581413483078, 0.38995624154958625, 0.600953, -0.17997567219563407, 0.2580323242796258, 0.837464, -0.19789565287254796, 0.19914329119109636, 0.941709, -0.23331893638645382, 0.21801487092111413, 0.988067, -0.10541068748997129, 0.18428274277544326, 0.81067, 0.008588462018623746, 0.3671305754684122, 0.841913, 0.07299538173845482, 1.0101499099488294, 0.843075, -0.04523073062478372, 1.312210887375877, 0.686646, -0.15997979243524826, 1.3859098243020118, 0.673074, -0.15900005431758607, 1.2219445910908457, 0.719704, -0.1823112310717895, 0.9690844743850863, 0.548723, -0.2541540728328505, 0.7060534037992421, 0.407844, -0.18662289286926406, 0.37523578886904074, 0.729962, -0.17583417348131922, 0.2635664746582971, 0.852547, -0.1898210149526142, 0.2551550524838296, 0.875586, 0.033326898954907806, 0.4138722009687582, 0.899742, -0.07125649979503697, 1.3522465075886922, 0.685323, -0.14958945684778768, 1.3612201022591834, 0.645546, -0.15801851131708156, 1.2771789216553027, 0.655974, -0.41438596050683196, 0.8588451881800491, 0.853324, -0.5901123618476072, 0.030248476701438782, 0.834258], "hand_left_keypoints_2d": [0.5549483789871574, -0.12014802736865077, 0.570942, 0.3181917198157656, -0.14830110483936318, 0.395849, 0.033467285664785094, -0.050719442402648744, 0.220003, -0.2172861532155391, 0.1595336598801978, 0.242387, -0.15735867685035915, 0.23371804487509185, 0.282341, 0.009347608244063632, -0.05482009822903784, 0.781462, -0.16600293078142045, 0.0635072877360217, 0.963994, -0.23653579448600448, 0.16481398689491641, 0.831945, -0.32761888682377593, 0.2537391021007916, 0.748251, 0.09121805111841995, -0.046468157697885835, 0.764957, -0.06418976103206547, 0.1434720094642134, 0.93066, 0.01235417976465436, 0.25168533441273744, 0.883939, 0.11166300164850321, 0.2512223798363415, 0.568458, 0.19097573287453004, -0.03621303331171485, 0.790553, 0.05342521778313429, 0.1630513707920682, 0.700275, 0.13675153950816202, 0.2294520885566759, 0.677266, 0.23902738333880139, 0.20320931031733813, 0.528699, 0.3133775896233888, 0.0061744796883651, 0.745649, 0.18783045760014794, 0.15403118144575556, 0.864035, 0.26201880632573066, 0.14033959013569755, 0.735879, 0.35289460133151307, 0.11176481476402374, 0.701245], "hand_right_keypoints_2d": [0.7147702630133268, -0.9656724845312897, 0.582574, 0.8292169930088656, -0.840581116545102, 0.608338, 0.7536470341484099, -0.7701334536231744, 0.645819, 0.7574684335149994, -0.8416579067940261, 0.584973, 0.9998223965291302, -0.7953194976466791, 0.163182, 0.5579754283426407, -0.9150119144373083, 0.229109, 0.6214159412929611, -0.8334925761072827, 0.743711, 0.5348789230552959, -0.6547725306129984, 0.387973, 0.39066393205059863, -0.5439785597461613, 0.433446, 0.3705649230054432, -0.9128694853540686, 0.486794, 0.3814475945532702, -0.9226700258922831, 0.734069, 0.44813523648108994, -0.8057401249341708, 0.557421, 0.40915264917462424, -0.6907535102317163, 0.591604, 0.215258714238909, -0.9500472490859438, 0.638383, 0.1865486334628703, -0.8990311283508174, 0.826413, 0.1988390678834629, -0.7332761660806048, 0.849123, 0.1648994464572628, -0.6136420322204827, 0.576008, 0.06027485374880186, -0.9761273510706849, 0.840436, 0.09762277656657453, -0.8597393478407244, 0.929155, 0.12081141466698299, -0.7441725889070406, 0.611904, 0.1686128410201113, -0.6673671481035915, 0.711979], "pose_keypoints_3d": [], "face_keypoints_3d": [], "hand_left_keypoints_3d": [], "hand_right_keypoints_3d": []}]}

normalize_quicker.py
	_2FBDaOPYig-3-rgb_front_normalized
	_2FBDaOPYig-3-rgb_front_000000000204_keypoints
	{"version": 1.3, "people": [{"person_id": [-1], "pose_keypoints_2d": [-1.2185242090913437, 0.28993880686117135, 0.867568, 0.1552814589535546, -0.4579404196727167, 0.784193, 1.0073291537868978, -0.6639571853164774, 0.66292, -1.3671263681960004, -2.3247449413968253, 0.740866, -0.6529675344040897, -1.7736194485362342, 0.787623, -0.6162582706680726, -0.22374690672995615, 0.660831, 0.21922042699415023, -1.1375386047865028, 0.769856, -2.327428540022458, 1.21912107405271, 0.773375, -1.5152943835114219, -1.0152202760408389, 0.488243, -1.1580939459169541, -0.4236719678955675, 0.458444, -0.6177066009056013, -0.6177207681059158, 0, 0, 0, 0, -0.9846025408839406, -1.2378677345944942, 0.423933, -0.0662812474185708, -0.0663428627389554, 0, 0, 0, 0, -1.337886612595667, 0.0232955402731485, 0.855637, -1.4968830095721006, -0.17683454639585833, 0.941929, -0.46231179345796214, 0.40315634919280174, 0.76876, -1.1904025816607977, -0.5567935127129824, 0.827158, 0, 0, 0, 0, 0, 0, 0, 0, 0, 0, 0, 0, 0, 0, 0, 0, 0, 0], "face_keypoints_2d": [-1.011122952162568, 0.8421480715767452, 0.77009, -1.0386044827040906, 0.4539685265860182, 0.609293, -1.2781825839444425, 0.2794878189717348, 0.405633, -1.3798554822187163, 0.12912302451702456, 0.428187, -1.0051124976780947, 0.05026442997742065, 0.547461, -1.029962525138796, -0.1832330790316106, 0.682574, -0.9969164103368885, -0.1073186341920459, 0.719019, -0.8952435939343234, 0.059558797095745505, 0.883083, -0.838054592897793, -0.05523530740181959, 0.859349, -0.8036230614810779, -0.248902460186765, 0.814263, -0.8131928883514264, -0.2818416784590603, 0.789243, -0.9481596045435908, -0.46263372616372767, 0.80875, -0.934201147434085, -0.5161618232345694, 0.814832, -1.0970085592455976, -0.6024107512103336, 0.798842, -1.1404798492499972, -0.664196008958416, 0.808078, -1.226711817745868, -0.6884380901661592, 0.834827, -1.2524358525278165, -0.6364933732390841, 0.763175, -1.3025002761213569, 0.4076577999509399, 0.882486, -1.2951266285592904, 0.5793109770243979, 0.916133, -1.2599108530209748, 0.40929964816925823, 0.873577, -1.2941426124527526, 0.34824575305543404, 0.83327, -1.3841456162200392, 0.19642086671384593, 0.897157, -1.3582688895592305, 0.05472632112821019, 0.840498, -1.4244509825134861, 0.008070118291711935, 0.858535, -1.4475738281708197, -0.2103758996840196, 0.844558, -1.406497342979574, -0.300551452551149, 0.797687, -1.4248625261411223, -0.4609491128146969, 0.735452, -1.4200132243919332, 0.02105075165113871, 0.883375, -1.4178048336859839, 0.04490192959329708, 0.85739, -1.326871557258696, 0.028792485398637477, 0.814655, -1.265070433200513, 0.08881333303172674, 0.808953, -1.3226391590033357, -0.0003331066346379229, 0.862509, -1.3107149846103456, 0.0009267925829950259, 0.908921, -1.2869292231343712, 0.039849339403554104, 0.912637, -1.2788707362790532, -0.12164172574299272, 0.899187, -1.25055339691489, -0.06405718126616927, 0.968675, -1.3068627789246237, 0.3351664381471208, 0.954992, -1.3316363773133173, 0.09530910035987171, 0.957745, -1.3383189861668081, 0.09246726686700388, 0.849097, -1.321675580848913, 0.11371683761568706, 0.856062, -1.3546628034419632, 0.08331574257175021, 0.882948, -1.3110567476481874, 0.12190665108306135, 0.981071, -1.3752334794810719, -0.1588932387767098, 0.899118, -1.3441266790962234, -0.26936511543438707, 0.920777, -1.397819524686502, -0.28173269412273777, 0.892963, -1.311758331778652, -0.45305536391308665, 0.949609, -1.3208482759052065, -0.3076686347765122, 0.88703, -1.3375943464910653, -0.26431792688108147, 0.984128, -1.3997874523649245, -0.4391617257524658, 0.865585, -1.3351264893379258, -0.2923628185059297, 0.858817, -1.31339389147694, -0.126673145809804, 0.902429, -1.2850117325064607, -0.17059910039247542, 0.925118, -1.1729023425397256, -0.19541945812057704, 0.831431, -1.1176554013684783, -0.25144209273315654, 0.905892, -0.992222319413225, -0.5855050200433392, 0.843931, -0.9631085617435678, -0.25341834968311766, 0.879953, -1.0844039963126346, -0.06929935365582027, 0.920652, -1.1184270804455685, 0.13404485424851595, 0.887012, -1.2473247736361046, 0.16248287771141245, 0.87245, -1.2995743114178473, 0.011195543117753325, 0.933689, -1.386155578422239, -0.3417943895391859, 0.90818, -1.3238913320977912, -0.16634383459856175, 0.881466, -1.257394221126871, -0.17169537850645786, 0.870339, -1.114092824930802, -0.35096908655516773, 0.850919, -0.934330892857044, -0.4879660779733863, 0.803423, -1.0890636281445687, 0.02169118309755189, 0.897542, -1.1564951671512698, 0.01361819767035495, 0.880053, -1.2899850287773191, 0.03720382966032847, 0.919235, -1.2870713604818367, -0.019220433598733197, 0.861324, -1.3502384708451942, -0.3871484312044803, 0.834625], "hand_left_keypoints_2d": [-1.5952545933483326, 1.2611781420228532, 0.353886, -1.9583234069329885, 1.1471746832510146, 0.518837, -1.8808822338783038, 0.9572810976810704, 0.798898, -1.9885720666292257, 0.8952298403922637, 0.813237, -2.043383484306739, 0.8581815041177699, 0.89487, -2.068825239388394, 1.0180695667037842, 0.537657, -2.1566897287861457, 1.1381928672491914, 0.900478, -1.7655094886042266, 1.126893642137346, 0.639163, -1.4114730001141653, 1.1345121238002214, 0.63328, -2.0980929934181485, 1.1252256509379193, 0.703825, -2.0939718743873748, 1.1753135446376848, 0.912431, -1.6867223197220926, 1.1694079477941992, 0.542008, -1.3567002956514742, 1.142595024513132, 0.562378, -2.045786363642336, 1.1985108183867867, 0.834948, -2.101129849634551, 1.219446921323345, 0.849355, -1.771924702520453, 1.251043594944719, 0.604506, -1.5005618377075136, 1.241693008257514, 0.518201, -2.0522344596606197, 1.2511962343331753, 0.635549, -1.9908254397153005, 1.2426198585497357, 0.905102, -1.7014070616551316, 1.2691534235153696, 0.646332, -1.462328867749362, 1.2538633466238958, 0.602325], "hand_right_keypoints_2d": [-0.5697807584840477, -1.3875143551710394, 0.0726334, -0.8917486279208147, -1.6569591375934403, 0.0248428, -1.1907147616555818, -0.9692775274362733, 0.0378123, -0.34604158870277946, -1.4252775318815047, 0.0550962, -0.17468381871437952, -1.0084698420673965, 0.0331868, -0.42990233598391425, -0.8254849160088937, 0.272399, -0.2289335499902014, -0.9151214055734648, 0.505683, -0.259483881465329, -1.0422679190600832, 0.542287, -0.3402543562865544, -1.175161029576141, 0.551578, -0.6333457747428837, -1.0237074451761181, 0.181349, -0.5448031316726629, -1.2659981665985016, 0.288523, -0.5972385925178118, -1.3497083081041008, 0.307865, -0.4080238316993364, -1.360751821702763, 0.283626, -0.7805856719923823, -1.1880426445817662, 0.161542, -0.7481843256173469, -1.4417687049685302, 0.145038, -0.7135790932783758, -1.3895092367514035, 0.201431, -0.6568123422936035, -1.612697777507926, 0.274183, -1.1326939142095653, -1.3203614438853248, 0.176195, -1.413557890011972, -1.677076842219704, 0.650162, -1.1984951112789952, -1.7322774847100262, 0.747217, -0.9153337230733055, -1.7103488490397403, 0.240197], "pose_keypoints_3d": [], "face_keypoints_3d": [], "hand_left_keypoints_3d": [], "hand_right_keypoints_3d": []}]}

	bb1Z5dw4N-s-8-rgb_front_normalized
	bb1Z5dw4N-s-8-rgb_front_000000001317_keypoints
	{"version": 1.3, "people": [{"person_id": [-1], "pose_keypoints_2d": [1.4725041548891038, 1.8555445872838119, 0.882409, 2.0936181013653115, -0.639558666061764, 0.730712, 1.900119616467, -2.203272642920498, 0.700673, 0.019548967909502314, -1.4718018588408275, 0.830644, -0.6623328256670893, -1.0985635511252232, 0.788793, 2.294879389582227, 1.6555967059405985, 0.649832, 0.43777949691746865, 0.7780818447494602, 0.796868, -0.9581239660539337, 1.2335934593983704, 0.30147, -0.8307697748106698, 1.0687547683194913, 0.442318, -0.04834372938574611, 0.20071807678480713, 0.43687, -0.23682709447588807, -0.23684169558749413, 0, 0, 0, 0, -0.08894356480650299, 0.9072916112241851, 0.32621, -0.3306148005370405, -0.33061990868595764, 0, 0, 0, 0, 1.6619011317169579, 2.1206911470389347, 0.910287, 1.588644073972425, 1.5342497236466568, 0.866897, -2.6897030403515427, -2.69008702668074, 0, 1.9041134763534995, -0.6258823618384018, 0.869185, 0, 0, 0, 0, 0, 0, 0, 0, 0, 0, 0, 0, 0, 0, 0, 0, 0, 0], "face_keypoints_2d": [1.793629824654152, 1.8715639521714866, 0.742764, 1.8294144551006202, 1.7869384295530006, 0.789563, 1.8403117130754223, 1.8145986505313183, 0.764476, 1.940455091538333, 1.789286050551034, 0.720182, 2.0040251637707094, 1.7742989797032636, 0.651987, 2.065433833513522, 1.7699835555646133, 0.710159, 2.12143583515116, 1.6382892526795625, 0.798567, 2.0910017548718685, 1.5275149701409805, 0.821289, 2.0461250731204266, 1.5565309361181472, 0.785173, 2.047583814729787, 1.4777503318196559, 0.730745, 2.048228141249444, 1.3963443550364973, 0.714106, 2.0396536406706636, 1.1155401156342404, 0.774859, 2.047309373287043, 0.9376771925804984, 0.788435, 2.020762001591447, 0.6834127122036859, 0.734027, 1.9699252965753715, 0.5636441544933148, 0.782153, 1.8833664351881754, 0.4504976882682277, 0.774438, 1.755783986276069, 0.24313781274996019, 0.646348, 1.5408981837220108, 1.4704677645122142, 0.833722, 1.4249704755333483, 1.4809510002679056, 0.796557, 1.33935994554592, 1.3815696875571934, 0.86266, 1.3050874808834836, 1.334684371645267, 0.845704, 1.2490599594552652, 1.3853755026399572, 0.848739, 1.3171126010224714, 1.405736634253341, 0.805176, 1.357296286989712, 1.3250340431675955, 0.82588, 1.337173473599837, 1.1548525485830305, 0.907457, 1.3637113873257072, 1.2135105006258033, 0.831625, 1.4619100130830158, 1.1871566465487067, 0.86427, 1.3953272993099464, 1.8356902583641772, 0.824848, 1.423399123829986, 1.8992641343887706, 0.917477, 1.4502317358547374, 1.870507519775434, 0.774011, 1.419901338107126, 1.8882039340894288, 0.779126, 1.594971056935919, 1.9072893178887822, 0.896195, 1.5719289132088694, 1.777576641459959, 0.900579, 1.5565868328967385, 1.8511690959395863, 0.850084, 1.6324967668066832, 1.7921732125302794, 0.913105, 1.6157187634915444, 1.897825869120035, 0.87945, 1.5957709725964007, 1.8128709842593795, 0.880767, 1.5664704433970305, 1.7126157252933027, 0.894226, 1.5850096137281855, 1.7566279239334939, 0.870368, 1.5618886330429849, 1.9654127221308486, 0.85057, 1.5940486244879672, 1.906888891989863, 0.87818, 1.5649369159720712, 1.8366822904404454, 0.92356, 1.553166970046083, 1.7733777713137904, 0.89246, 1.5445041625812796, 1.6269873839713727, 0.912937, 1.592356638836834, 1.5514361626372766, 0.888904, 1.5691527265843956, 1.5653263275136482, 0.873439, 1.6381412630291494, 1.687571400855409, 0.920462, 1.586644203230312, 1.8626487962658766, 0.890644, 1.7373929194415705, 1.8282485886808943, 0.85324, 1.6849549319116155, 1.8711075681546487, 0.905268, 1.650614040031531, 1.797146939070254, 0.860022, 1.6902328530074946, 1.8044634809594013, 0.852209, 1.6813760705360747, 1.793749039281625, 0.929521, 1.7590141532739045, 1.6863477176992412, 0.797155, 1.869168663715319, 1.4759786175536047, 0.868832, 1.886106689350703, 1.8297124801040185, 0.836792, 1.803853342716061, 1.9316937984247309, 0.835571, 1.760465580008083, 2.0273982837410385, 0.838452, 1.771790770941067, 2.0287683130299063, 0.874819, 1.683110597454608, 2.014972312556461, 0.851979, 1.7466245383451098, 1.866667212321644, 0.906872, 1.6933993498489213, 1.766854837553648, 0.835168, 1.7417652331006572, 1.817984164770283, 0.893581, 1.6857597378666809, 1.7741471531983288, 0.911982, 1.8734662495909897, 1.57096519967943, 0.853803, 1.7180951977493448, 1.8896304034584475, 0.829827, 1.7348494426576584, 1.9759464977464396, 0.834283, 1.7464738340171198, 2.05892294804547, 0.784797, 1.5859180315350767, 1.8571757145426881, 0.855863, 1.5912245872756783, 1.6071315174678522, 0.847162], "hand_left_keypoints_2d": [-0.05394244465754813, 1.2249757949604205, 0.208662, -0.3955683102839904, 1.2244749340495262, 0.0326677, -1.1796571930685844, 1.13310941561854, 0.0272816, -1.1384760962898401, 1.178290137817356, 0.0201348, -1.1811218441576063, 1.262308115123279, 0.00986093, -1.1143286085064372, 1.2739966603005566, 0.0288643, -0.4961580568285375, 1.0481090888517268, 0.013813, -0.4351156278734056, 1.0565632310049655, 0.0108401, 0.06291876797535444, 1.2355161137691808, 0.00818478, -0.6592306809955275, 1.1450128350263133, 0.0188908, -0.32049183182600277, 1.043380946200867, 0.0166768, -0.18611081943047927, 0.9794320793192762, 0.0112234, -0.1566635578395055, 1.0095746238062313, 0.0083964, -0.7886611286116411, 1.1717208978464508, 0.022035, -0.33662736040118535, 1.0653224039936449, 0.0164191, -0.20577050475627062, 1.0474896368136672, 0.0111577, -0.09190262421923538, 1.0405666055821867, 0.00828001, -0.00011734490174291838, 1.319539210348152, 0.0144372, -0.13227532300182826, 1.2042745528516174, 0.0104935, -0.2670804277628167, 1.061406215399156, 0.0100095, -0.18634075244727927, 1.0643400103815956, 0.00794876], "hand_right_keypoints_2d": [-0.5587220464266014, -1.0835329151399422, 0.207169, -0.747072169887228, -1.0645939204579788, 0.159689, -0.8356225735554395, -1.0798322293600855, 0.219099, -0.8711981274566806, -0.989974425269398, 0.339056, -0.9774409629051898, -0.9183456658236602, 0.161821, -1.7073675942465754, -1.1403437350483956, 0.0895694, -1.6344366574771076, -0.9903266966503622, 0.0450181, -1.759645926218418, -0.967125648908965, 0.0259953, -0.9425134764822837, -0.7899733996761934, 0.0125268, -1.832672969005451, -1.2278540774047069, 0.0268548, -1.8023560649658728, -0.8887093635676723, 0.0184526, -1.871961469782073, -0.8158828353458063, 0.0208172, -1.889249206955674, -0.7812203438616105, 0.00927437, -1.8454612192661477, -1.34070225284556, 0.0152145, -1.827883162461233, -0.9565677711037353, 0.013464, -1.8908856369540756, -0.8902631519834673, 0.010746, -1.9432898848796234, -0.8481163251966722, 0.00908443, -0.33529045045693395, -0.8897250217233784, 0.0170321, -0.7478805461691139, -1.136010313558787, 0.0194635, -1.9151281803116436, -0.949353819861718, 0.012329, -1.9433939625405696, -0.9297170089947804, 0.00882539], "pose_keypoints_3d": [], "face_keypoints_3d": [], "hand_left_keypoints_3d": [], "hand_right_keypoints_3d": []}]}

	EeVXp0hN3qY-5-rgb_front_normalized
	EeVXp0hN3qY-5-rgb_front_000000001381_keypoints
	{"version": 1.3, "people": [{"person_id": [-1], "pose_keypoints_2d": [-0.3255946612071058, 0.30161673629028024, 0.889705, 1.0149165197809706, -0.4307714041908768, 0.69911, 1.4248393271827797, -0.24764554845466635, 0.502061, 1.3880745554208298, -1.2181768547357341, 0.745855, 0.8232494617601624, -0.9727790253723281, 0.832495, 0.40443040068050107, -0.3712769651009769, 0.684144, 0.759683450521098, 0.12267679771893043, 0.803347, 0.6422141686215094, -0.11222933553566207, 0.778196, 0.33294319380557863, -0.0075954948981688175, 0.23793, 0.10275443367672371, -0.05177301436222989, 0.200561, 0, 0, 0, 0, 0, 0, 0.11715038506211038, 0.06820003845254588, 0.240444, 0, 0, 0, 0, 0, 0, -0.3623907642798601, 0.8984984621847825, 0.907493, -0.6666662482274353, 0.27826144094919947, 0.893492, 0.2557538065673075, 0.32167381757984964, 0.0652766, -0.3362291761907294, -1.3427147514824158, 0.882169, 0, 0, 0, 0, 0, 0, 0, 0, 0, 0, 0, 0, 0, 0, 0, 0, 0, 0], "face_keypoints_2d": [-0.2466370003819922, 1.1930850540671916, 0.724824, -0.12766399798678482, 0.8746146183179592, 0.786134, -0.07978911154967004, 0.7239297220292505, 0.759126, -0.11535022928538803, 0.617197706661508, 0.554387, 0.025102463452460325, 0.4603250514374966, 0.445872, 0.030268188151905847, 0.3032960030099781, 0.444551, 0.016463732653944525, 0.512240843063632, 0.548172, 0.022121147743142392, 0.6920613187134762, 0.633969, 0.07848753702085799, 0.8886842988994768, 0.631129, 0.11835152672480044, 0.8681788820455514, 0.646585, 0.14124027400655784, 0.6681751883160751, 0.66889, 0.15489197882125588, 0.35324907997832866, 0.627934, 0.18975869201923926, 0.04024142901253805, 0.63954, 0.06644139257994332, -0.2919554833380815, 0.756317, -0.14387203771630286, -0.5310743727419873, 0.861302, -0.28422110861416144, -0.743967866936344, 0.796253, -0.46872958836269385, -0.8435219197878581, 0.757686, -0.41625957761156457, 1.0303610333023439, 0.800466, -0.5796062651609752, 0.9869387416497349, 0.839758, -0.5746886858172738, 0.8156028665152573, 0.846605, -0.6029603717760178, 0.607674983149751, 0.866753, -0.6056187690118902, 0.5719138838315627, 0.844523, -0.6990257581865494, 0.22418433433760482, 0.868213, -0.7640468488056549, 0.1529215150326741, 0.908179, -0.7278181323677908, -0.04421135906115565, 0.831902, -0.7446472910012302, -0.05239525651868653, 0.872846, -0.716090162837132, -0.20452748682296729, 0.860741, -0.5824561267928346, 0.5089775157137123, 0.846045, -0.5131303288389134, 0.4788761585247829, 0.860942, -0.4906232941608804, 0.3913070972504077, 0.821535, -0.5097991211049968, 0.3666694324653938, 0.836598, -0.3373956526191507, 0.5258178653714702, 0.798731, -0.3742117379446451, 0.46472685246003437, 0.836709, -0.35104928362534116, 0.4028281150530103, 0.917529, -0.2993413606732544, 0.30584639459142937, 0.917574, -0.27794918563667104, 0.3246280991795643, 0.876595, -0.38863754385455074, 0.9846640270228453, 0.875358, -0.43884574925363623, 0.8647223114406728, 0.837055, -0.5246296958141763, 0.7152978501322482, 0.914995, -0.4882716267278088, 0.6365116490704263, 0.86793, -0.48631737883275467, 0.7380497674773726, 0.869778, -0.41004644193539636, 0.9368352056022645, 0.89814, -0.5549256830049663, 0.1477025667098237, 0.946986, -0.6037803703725036, 0.11385341059166817, 0.912839, -0.5782909152907648, -0.015111980526843302, 0.959137, -0.559953623066789, -0.02282271789090546, 0.867055, -0.5692432943159089, -0.0606416195799743, 0.930315, -0.5743636351336057, 0.05686243824305364, 0.845787, -0.24226731598461812, 0.6784994057477537, 0.431308, -0.22211581413483078, 0.38995624154958625, 0.600953, -0.17997567219563407, 0.2580323242796258, 0.837464, -0.19789565287254796, 0.19914329119109636, 0.941709, -0.23331893638645382, 0.21801487092111413, 0.988067, -0.10541068748997129, 0.18428274277544326, 0.81067, 0.008588462018623746, 0.3671305754684122, 0.841913, 0.07299538173845482, 1.0101499099488294, 0.843075, -0.04523073062478372, 1.312210887375877, 0.686646, -0.15997979243524826, 1.3859098243020118, 0.673074, -0.15900005431758607, 1.2219445910908457, 0.719704, -0.1823112310717895, 0.9690844743850863, 0.548723, -0.2541540728328505, 0.7060534037992421, 0.407844, -0.18662289286926406, 0.37523578886904074, 0.729962, -0.17583417348131922, 0.2635664746582971, 0.852547, -0.1898210149526142, 0.2551550524838296, 0.875586, 0.033326898954907806, 0.4138722009687582, 0.899742, -0.07125649979503697, 1.3522465075886922, 0.685323, -0.14958945684778768, 1.3612201022591834, 0.645546, -0.15801851131708156, 1.2771789216553027, 0.655974, -0.41438596050683196, 0.8588451881800491, 0.853324, -0.5901123618476072, 0.030248476701438782, 0.834258], "hand_left_keypoints_2d": [0.5549483789871574, -0.12014802736865077, 0.570942, 0.3181917198157656, -0.14830110483936318, 0.395849, 0.033467285664785094, -0.050719442402648744, 0.220003, -0.2172861532155391, 0.1595336598801978, 0.242387, -0.15735867685035915, 0.23371804487509185, 0.282341, 0.009347608244063632, -0.05482009822903784, 0.781462, -0.16600293078142045, 0.0635072877360217, 0.963994, -0.23653579448600448, 0.16481398689491641, 0.831945, -0.32761888682377593, 0.2537391021007916, 0.748251, 0.09121805111841995, -0.046468157697885835, 0.764957, -0.06418976103206547, 0.1434720094642134, 0.93066, 0.01235417976465436, 0.25168533441273744, 0.883939, 0.11166300164850321, 0.2512223798363415, 0.568458, 0.19097573287453004, -0.03621303331171485, 0.790553, 0.05342521778313429, 0.1630513707920682, 0.700275, 0.13675153950816202, 0.2294520885566759, 0.677266, 0.23902738333880139, 0.20320931031733813, 0.528699, 0.3133775896233888, 0.0061744796883651, 0.745649, 0.18783045760014794, 0.15403118144575556, 0.864035, 0.26201880632573066, 0.14033959013569755, 0.735879, 0.35289460133151307, 0.11176481476402374, 0.701245], "hand_right_keypoints_2d": [0.7147702630133268, -0.9656724845312897, 0.582574, 0.8292169930088656, -0.840581116545102, 0.608338, 0.7536470341484099, -0.7701334536231744, 0.645819, 0.7574684335149994, -0.8416579067940261, 0.584973, 0.9998223965291302, -0.7953194976466791, 0.163182, 0.5579754283426407, -0.9150119144373083, 0.229109, 0.6214159412929611, -0.8334925761072827, 0.743711, 0.5348789230552959, -0.6547725306129984, 0.387973, 0.39066393205059863, -0.5439785597461613, 0.433446, 0.3705649230054432, -0.9128694853540686, 0.486794, 0.3814475945532702, -0.9226700258922831, 0.734069, 0.44813523648108994, -0.8057401249341708, 0.557421, 0.40915264917462424, -0.6907535102317163, 0.591604, 0.215258714238909, -0.9500472490859438, 0.638383, 0.1865486334628703, -0.8990311283508174, 0.826413, 0.1988390678834629, -0.7332761660806048, 0.849123, 0.1648994464572628, -0.6136420322204827, 0.576008, 0.06027485374880186, -0.9761273510706849, 0.840436, 0.09762277656657453, -0.8597393478407244, 0.929155, 0.12081141466698299, -0.7441725889070406, 0.611904, 0.1686128410201113, -0.6673671481035915, 0.711979], "pose_keypoints_3d": [], "face_keypoints_3d": [], "hand_left_keypoints_3d": [], "hand_right_keypoints_3d": []}]}

------------->>> Random normalized json file from each folder was the same 